console, 0.003719, 0.002597, 328891.250000, -49006.578125, 12070.058594, 4329.929199, 0.000036, 75087.890625
console, 0.004027, 0.002359, 379091.500000, 20999.605469, 11012.490234, 3841.330322, -0.000855, 70796.953125
console, 0.003553, 0.002505, 393978.125000, -80035.601562, 11980.162109, 4894.053711, -0.001554, 79038.859375
console, 0.003574, 0.002125, -446512.875000, 4892.178711, 10261.058594, 4604.839844, -0.002286, 82266.609375
console, 0.003766, 0.002204, 371515.843750, 24279.330078, 10451.103516, 4040.088135, -0.002512, 78821.710938
clipper, 0.015763, 0.007839, 37533.105469, -1379.254395, 968.011780, 741.046875, -0.000085, 9799.066406
clipper, 0.015962, 0.007749, 44863.941406, -2417.901367, 1037.627319, 740.862000, -0.000178, 10009.788086
clipper, 0.007941, 0.014387, -396.907806, 4918.460449, 698.979431, 429.649109, -0.000057, 4825.459961
clipper, 0.008230, 0.014440, 118.639183, 6709.260254, 670.958801, 464.422363, 0.000129, 4792.769531
clipper, 0.013425, 0.006342, 74946.859375, 2985.534668, 1555.283936, 847.518921, -0.000209, 13922.243164
clipper, 0.007803, 0.013747, -793.853394, -10112.035156, 728.714844, 547.887695, -0.000086, 5056.000488
clipper, 0.012832, 0.006673, -44937.644531, -4371.927246, 1235.728638, 985.217468, -0.000186, 14884.046875
box, 0.002916, 0.002617, -28652.390625, -9217.028320, 4002.767334, 3461.283691, -0.000015, 49852.917969
box, 0.003081, 0.002911, 23468.804688, 29934.994141, 3556.545410, 3228.942383, 0.002232, 45522.507812
box, 0.002650, 0.002609, 46933.183594, -14948.722656, 4269.180664, 4206.245117, -0.000294, 50642.730469
box, 0.003042, 0.002986, -3757.561279, 46093.148438, 4187.087402, 3650.326904, 0.001083, 52011.019531
box, 0.002826, 0.002442, -34945.128906, 5299.374512, 4120.572266, 3674.873291, 0.000502, 50235.179688
nail clipper, 0.018506, 0.013581, 93695.289062, -33764.910156, 4178.866699, 1558.415771, -0.000087, 10211.792969
nail clipper, 0.012408, 0.011447, 59184.199219, -70051.031250, 4151.794922, 1339.159790, -0.001519, 14691.445312
nail clipper, 0.010342, 0.007443, 32148.421875, -21950.666016, 3706.148438, 1432.977783, -0.001209, 17353.666016
nail clipper, 0.016060, 0.010628, -97849.804688, 37905.984375, 4499.865234, 1203.698364, 0.000235, 15766.957031
nail clipper, 0.013753, 0.008163, -100744.296875, 19667.369141, 4861.653809, 1569.216309, -0.000743, 17183.005859
camera, 0.002245, 0.002190, 197202.562500, 210510.093750, 13448.422852, 9210.944336, -0.000925, 111638.687500
camera, 0.002506, 0.002290, 278613.375000, -385362.968750, 13087.414062, 8273.912109, -0.007642, 119131.851562
camera, 0.002272, 0.002368, -128506.085938, -433930.468750, 13134.068359, 9004.524414, -0.011590, 113582.390625
camera, 0.002390, 0.002126, -479766.375000, -313782.750000, 14120.989258, 10118.506836, 0.000577, 110794.507812
camera, 0.002256, 0.002152, 295873.343750, 189451.828125, 13603.877930, 9409.464844, -0.006366, 114379.570312
flash drive, 0.009289, 0.003284, -2187.167480, 28.486549, 2113.464600, 307.114166, 0.000024, 26537.496094
flash drive, 0.009597, 0.003268, -2878.259521, -194.339691, 2192.852783, 284.811554, -0.000089, 26933.267578
flash drive, 0.009670, 0.003548, 5812.080566, 168.995789, 1844.582886, 284.292755, -0.000008, 23766.433594
flash drive, 0.008763, 0.003387, 6414.235352, 929.222656, 2185.178711, 328.692108, 0.000013, 27243.455078
flash drive, 0.009534, 0.003103, 8060.294922, -354.452087, 2416.853760, 261.836029, 0.000177, 28949.605469
flash drive, 0.010281, 0.003483, 8044.080078, -144.401505, 1896.163208, 236.128906, 0.000120, 23280.839844
controller, 0.001937, 0.001425, -1480.678223, 14632.342773, 20792.937500, 8088.316895, -0.001209, 196809.640625
controller, 0.001953, 0.001451, 23371.894531, 58021.597656, 17705.660156, 7611.020508, -0.001055, 171337.859375
controller, 0.001946, 0.001396, -133853.234375, -61578.218750, 17546.261719, 7454.109375, -0.003457, 177974.421875
controller, 0.001917, 0.001442, -26627.501953, -12703.235352, 19503.417969, 7856.747070, 0.027625, 185528.312500
cable, 0.025671, 0.015596, 31846.226562, 72449.796875, 20354.767578, 5672.608398, -0.006954, 14523.974609
cable, 0.029452, 0.017507, 1005843.125000, -87711.164062, 22404.333984, 6482.652832, -0.000012, 14514.248047
cable, 0.027127, 0.016050, 1258706.750000, -238515.406250, 21985.031250, 6915.432617, -0.004526, 14560.406250
cable, 0.025785, 0.014252, 1889480.125000, -242445.328125, 23288.066406, 6047.087402, 0.002928, 17860.730469
cable, 0.028912, 0.018544, -477893.937500, 107084.812500, 19384.214844, 7564.641602, -0.000116, 12274.809570
remote, 0.004654, 0.001444, -30078.324219, -778.860229, 12999.770508, 1050.549316, -0.000316, 145306.687500
remote, 0.004364, 0.001312, -70840.359375, 1013.622070, 14072.760742, 1211.025024, -0.001701, 160229.671875
remote, 0.004671, 0.001307, -105299.671875, -2059.783203, 14469.755859, 1082.327271, -0.003180, 161147.265625
remote, 0.004156, 0.001284, -60601.222656, 2976.845459, 14260.513672, 1287.313232, 0.000015, 167471.906250
remote, 0.004118, 0.001256, 74796.351562, 2233.419434, 15798.653320, 1385.721802, 0.002690, 180681.640625
glove, 0.002500, 0.001313, 397157.312500, -70366.203125, 20373.218750, 5241.883789, -0.002298, 224165.875000
glove, 0.002506, 0.001230, 449686.375000, -46562.019531, 21407.597656, 5025.474121, 0.026717, 235552.093750
glove, 0.002548, 0.001163, -396015.125000, 45613.183594, 22593.259766, 4916.939453, 0.005585, 270104.500000
glove, 0.002626, 0.001272, -479232.687500, 51157.531250, 21111.462891, 5056.793945, -0.004578, 241947.515625
glove, 0.002587, 0.001400, 527461.750000, -99363.625000, 21607.906250, 5515.555176, -0.015571, 234833.625000
lego, 0.010093, 0.007074, 9817.495117, -1846.037109, 906.451233, 429.714935, 0.000146, 9589.418945
lego, 0.009519, 0.007322, 5431.240723, -1099.747314, 840.159607, 418.363159, 0.000040, 8750.932617
lego, 0.009271, 0.007833, 3001.020264, -2318.154541, 905.118896, 421.473969, 0.000047, 8937.156250
lego, 0.009776, 0.006766, 7244.882812, -900.354492, 949.952759, 412.280762, -0.000079, 10273.315430
lego, 0.009935, 0.006784, 6816.624023, 1217.686768, 762.211670, 390.241974, -0.000072, 8410.428711
mouse, 0.003117, 0.001997, -18135.876953, -1643.886475, 6000.054688, 2484.605957, -0.000903, 75042.921875
mouse, 0.003254, 0.002062, 12129.846680, 7483.968262, 5708.694824, 2210.391846, 0.000402, 70416.437500
mouse, 0.002967, 0.001928, -26668.437500, 605.591064, 6653.503418, 2747.107910, 0.000205, 81329.671875
mouse, 0.002915, 0.001928, -5024.921387, 245.615234, 6282.094727, 2731.263184, -0.000536, 79122.976562
mouse, 0.003068, 0.001916, 21980.214844, 1310.439575, 6208.830078, 2509.687744, 0.000473, 77576.492188
mouse, 0.003113, 0.001907, 10934.233398, 7217.132324, 6538.700195, 2384.762939, 0.001419, 80743.234375
screw, 0.050615, 0.011818, 79.344589, -18.742825, 252.493988, 9.861837, -0.000004, 3064.434326
screw, 0.050787, 0.011873, 63.527748, -18.941307, 251.113770, 9.865904, 0.000009, 3054.099121
screw, 0.052026, 0.012027, 667.086487, 2.791969, 244.650986, 9.879333, 0.000000, 2821.655029
screw, 0.071584, 0.016217, 1444.301758, -3.015907, 213.550507, 7.437913, 0.000009, 1640.959229
screw, 0.163678, 0.026554, -3227.521484, 10.245666, 257.866364, 6.282120, 0.000001, 1088.126587
screw driver, 0.040878, 0.003726, -88873.906250, 10.335790, 2837.274658, 34.771305, 0.000013, 31108.345703
screw driver, 0.045150, 0.003718, -111195.375000, -37.762150, 3289.721924, 29.305561, -0.000197, 33016.082031
screw driver, 0.037340, 0.004983, 7571.761230, 57.314323, 1384.202759, 20.418287, -0.000028, 15082.724609
screw driver, 0.045848, 0.004164, -83733.312500, 93.725624, 2556.198242, 31.540627, -0.000129, 28131.529297
screw driver, 0.051320, 0.004107, -60724.300781, -1.205175, 2098.288330, 29.563374, 0.000008, 25698.828125
screw driver, 0.051301, 0.004104, -60685.937500, 3.364468, 2101.946045, 29.570213, -0.000004, 25708.216797
ball, 0.012703, 0.012327, 133.187408, 298.818726, 182.288040, 170.626450, 0.000002, 2272.047119
ball, 0.014358, 0.013469, -299.817352, 143.514771, 162.057495, 151.387299, -0.000005, 2022.781006
ball, 0.014630, 0.012415, 570.497070, 201.488251, 177.098709, 145.008987, 0.000009, 2235.452881
ball, 0.012387, 0.011999, 362.845337, 505.837128, 197.264053, 178.441132, 0.000022, 2398.638428
mouse, 0.002786, 0.002456, -18975.628906, 26997.230469, 6423.521973, 3472.572021, 0.003033, 73015.968750
